6.907755278982137e+00 -4.381170910556639e+00 -5.075312983887998e+00 -6.564493039402850e+00 -4.402327535932265e+00
7.600902459542082e+00 -5.353483310391505e+00 -5.659524015951523e+00 -7.997822345616046e+00 -5.785940730098044e+00
8.294049640102028e+00 -6.145997851994353e+00 -6.293654576942831e+00 -9.399147616000906e+00 -7.170939788300879e+00
8.987196820661973e+00 -6.881384731961847e+00 -6.954530233575261e+00 -1.078945344622477e+01 -8.556597823196897e+00
9.680344001221918e+00 -7.594103473652428e+00 -7.630590440434136e+00 -1.217676749858121e+01 -9.942576850374854e+00
1.037349118178186e+01 -8.296688104155335e+00 -8.314920850916550e+00 -1.356331785006034e+01 -1.132871428196636e+01
1.106663836234181e+01 -8.994471713038838e+00 -9.003586743912445e+00 -1.494967627572873e+01 -1.271493032268392e+01
1.175978554290175e+01 -9.689917126912651e+00 -9.694474474522668e+00 -1.633598665722131e+01 -1.410118475722962e+01
1.245293272346170e+01 -1.038420850272790e+01 -1.038648715555400e+01 -1.772228502365972e+01 -1.548745856361297e+01
1.314607990402165e+01 -1.107792655976739e+01 -1.107906588355755e+01 -1.910858038492875e+01 -1.687376600611204e+01
