1000 0.0125107011294198 0.00624913025643335 0.00140953835020794 0.01224879718328
2000 0.00473164048800688 0.0034841749152673 0.000336193945554358 0.00307042057977129
4000 0.0021420373888554 0.0018479939548689 8.27946082869289e-05 0.000768600070351999
8000 0.00102672132652332 0.000954302134738855 2.06157863861434e-05 0.000192272326593195
16000 0.000503411075732633 0.00048537418917121 5.1486938409073e-06 4.80832415360542e-05
32000 0.000249341253408429 0.000244836271375911 1.28684399840166e-06 1.20226969521431e-05
64000 0.000124093938199968 0.000122967957591934 3.21690389990658e-07 3.00590965287017e-06
128000 6.19045344253248e-05 6.16230558283965e-05 8.04213091080007e-08 7.51507417735216e-07
256000 3.0916872028739e-05 3.08465034141855e-05 2.01052467489217e-08 1.87880716232739e-07
512000 1.54496136753109e-05 1.54320215863475e-05 5.02630666017164e-09 4.69695646274808e-08
