num of nodes:          64
   1:    0.000000000000000    0.000000000000000
   2:   28.428571428571427    0.000000000000000
   3:   56.857142857142854    0.000000000000000
   4:   85.285714285714278    0.000000000000000
   5:  113.714285714285708    0.000000000000000
   6:  142.142857142857139    0.000000000000000
   7:  170.571428571428555    0.000000000000000
   8:  199.000000000000000    0.000000000000000
   9:    0.000000000000000   28.428571428571427
  10:   28.428571428571427   28.428571428571427
  11:   56.857142857142854   28.428571428571427
  12:   85.285714285714278   28.428571428571427
  13:  113.714285714285708   28.428571428571427
  14:  142.142857142857139   28.428571428571427
  15:  170.571428571428555   28.428571428571427
  16:  199.000000000000000   28.428571428571427
  17:    0.000000000000000   56.857142857142854
  18:   28.428571428571427   56.857142857142854
  19:   56.857142857142854   56.857142857142854
  20:   85.285714285714278   56.857142857142854
  21:  113.714285714285708   56.857142857142854
  22:  142.142857142857139   56.857142857142854
  23:  170.571428571428555   56.857142857142854
  24:  199.000000000000000   56.857142857142854
  25:    0.000000000000000   85.285714285714278
  26:   28.428571428571427   85.285714285714278
  27:   56.857142857142854   85.285714285714278
  28:   85.285714285714278   85.285714285714278
  29:  113.714285714285708   85.285714285714278
  30:  142.142857142857139   85.285714285714278
  31:  170.571428571428555   85.285714285714278
  32:  199.000000000000000   85.285714285714278
  33:    0.000000000000000  113.714285714285708
  34:   28.428571428571427  113.714285714285708
  35:   56.857142857142854  113.714285714285708
  36:   85.285714285714278  113.714285714285708
  37:  113.714285714285708  113.714285714285708
  38:  142.142857142857139  113.714285714285708
  39:  170.571428571428555  113.714285714285708
  40:  199.000000000000000  113.714285714285708
  41:    0.000000000000000  142.142857142857139
  42:   28.428571428571427  142.142857142857139
  43:   56.857142857142854  142.142857142857139
  44:   85.285714285714278  142.142857142857139
  45:  113.714285714285708  142.142857142857139
  46:  142.142857142857139  142.142857142857139
  47:  170.571428571428555  142.142857142857139
  48:  199.000000000000000  142.142857142857139
  49:    0.000000000000000  170.571428571428555
  50:   28.428571428571427  170.571428571428555
  51:   56.857142857142854  170.571428571428555
  52:   85.285714285714278  170.571428571428555
  53:  113.714285714285708  170.571428571428555
  54:  142.142857142857139  170.571428571428555
  55:  170.571428571428555  170.571428571428555
  56:  199.000000000000000  170.571428571428555
  57:    0.000000000000000  199.000000000000000
  58:   28.428571428571427  199.000000000000000
  59:   56.857142857142854  199.000000000000000
  60:   85.285714285714278  199.000000000000000
  61:  113.714285714285708  199.000000000000000
  62:  142.142857142857139  199.000000000000000
  63:  170.571428571428555  199.000000000000000
  64:  199.000000000000000  199.000000000000000
num of triangles:      98
1 2 9
2 10 9
2 3 10
3 11 10
3 4 11
4 12 11
4 5 12
5 13 12
5 6 13
6 14 13
6 7 14
7 15 14
7 8 15
8 16 15
9 10 17
10 18 17
10 11 18
11 19 18
11 12 19
12 20 19
12 13 20
13 21 20
13 14 21
14 22 21
14 15 22
15 23 22
15 16 23
16 24 23
17 18 25
18 26 25
18 19 26
19 27 26
19 20 27
20 28 27
20 21 28
21 29 28
21 22 29
22 30 29
22 23 30
23 31 30
23 24 31
24 32 31
25 26 33
26 34 33
26 27 34
27 35 34
27 28 35
28 36 35
28 29 36
29 37 36
29 30 37
30 38 37
30 31 38
31 39 38
31 32 39
32 40 39
33 34 41
34 42 41
34 35 42
35 43 42
35 36 43
36 44 43
36 37 44
37 45 44
37 38 45
38 46 45
38 39 46
39 47 46
39 40 47
40 48 47
41 42 49
42 50 49
42 43 50
43 51 50
43 44 51
44 52 51
44 45 52
45 53 52
45 46 53
46 54 53
46 47 54
47 55 54
47 48 55
48 56 55
49 50 57
50 58 57
50 51 58
51 59 58
51 52 59
52 60 59
52 53 60
53 61 60
53 54 61
54 62 61
54 55 62
55 63 62
55 56 63
56 64 63
