n              Eps                 dq*fnorm            
0              3.5980319679        3.5980319679        
1              2.9653057017        3.4610818699        
2              2.6251640068        3.3293444352        
3              2.3750304539        3.2026212568        
4              2.1741880532        3.0807214797        
5              2.0057762618        2.9634615130        
6              1.8607958629        2.8506647540        
7              1.7337428330        2.7421613218        
8              1.6209480355        2.6377878017        
9              1.5198150816        2.5373869989        
10             1.4284242926        2.4408077019        
11             1.3453078065        2.3479044545        
12             1.2693130231        2.2585373371        
13             1.1995152162        2.1725717557        
14             1.1351591924        2.0898782395        
15             1.0756189572        2.0103322454        
16             1.0203690029        1.9338139708        
17             0.9689633535        1.8602081731        
18             0.9210199394        1.7894039963        
19             0.8762087259        1.7212948036        
20             0.8342425458        1.6557780171        
21             0.7948699142        1.5927549635        
22             0.7578693254        1.5321307249        
23             0.7230446720        1.4738139965        
24             0.6902215255        1.4177169487        
25             0.6592440891        1.3637550949        
26             0.6299726772        1.3118471642        
27             0.6022816139        1.2619149792        
28             0.5760574689        1.2138833381        
29             0.5511975640        1.1676799015        
30             0.5276087024        1.1232350832        
31             0.5052060799        1.0804819459        
32             0.4839123476        1.0393560999        
33             0.4636567998        0.9997956066        
34             0.4443746679        0.9617408845        
35             0.4260065035        0.9251346204        
36             0.4084976373        0.8899216823        
37             0.3917977028        0.8560490368        
38             0.3758602155        0.8234656688        
39             0.3606422003        0.7921225054        
40             0.3461038604        0.7619723411        
41             0.3322082829        0.7329697676        
42             0.3189211755        0.7050711045        
43             0.3062106317        0.6782343344        
44             0.2940469199        0.6524190388        
45             0.2824022951        0.6275863380        
46             0.2712508285        0.6036988319        
47             0.2605682554        0.5807205441        
48             0.2503318369        0.5586168674        
49             0.2405202367        0.5373545119        
50             0.2311134081        0.5169014548        
51             0.2220924931        0.4972268923        
52             0.2134397303        0.4783011929        
53             0.2051383722        0.4600958529        
54             0.1971726090        0.4425834537        
55             0.1895275005        0.4257376202        
56             0.1821889136        0.4095329813        
57             0.1751434653        0.3939451315        
58             0.1683784710        0.3789505942        
59             0.1618818972        0.3645267866        
60             0.1556423183        0.3506519851        
61             0.1496488768        0.3373052933        
62             0.1438912474        0.3244666100        
63             0.1383596031        0.3121165991        
64             0.1330445854        0.3002366605        
65             0.1279372753        0.2888089021        
66             0.1230291680        0.2778161128        
67             0.1183121486        0.2672417365        
68             0.1137784699        0.2570698474        
69             0.1094207323        0.2472851259        
70             0.1052318642        0.2378728354        
71             0.1012051049        0.2288188002        
72             0.0973339878        0.2201093842        
73             0.0936123253        0.2117314704        
74             0.0900341945        0.2036724409        
75             0.0865939240        0.1959201583        
76             0.0832860814        0.1884629469        
77             0.0801054614        0.1812895757        
78             0.0770470753        0.1743892409        
79             0.0741061404        0.1677515501        
80             0.0712780706        0.1613665064        
81             0.0685584671        0.1552244935        
82             0.0659431099        0.1493162609        
83             0.0634279500        0.1436329105        
84             0.0610091013        0.1381658826        
85             0.0586828337        0.1329069434        
86             0.0564455663        0.1278481727        
87             0.0542938609        0.1229819514        
88             0.0522244154        0.1183009506        
89             0.0502340590        0.1137981205        
90             0.0483197455        0.1094666793        
91             0.0464785489        0.1053001037        
92             0.0447076581        0.1012921183        
93             0.0430043719        0.0974366869        
94             0.0413660951        0.0937280028        
95             0.0397903333        0.0901604805        
96             0.0382746894        0.0867287471        
97             0.0368168598        0.0834276340        
98             0.0354146298        0.0802521695        
99             0.0340658709        0.0771975712        
100            0.0327685368        0.0742592385        
101            0.0315206606        0.0714327461        
102            0.0303203509        0.0687138371        
103            0.0291657897        0.0660984165        
104            0.0280552287        0.0635825454        
105            0.0269869871        0.0611624347        
106            0.0259594487        0.0588344394        
107            0.0249710595        0.0565950535        
108            0.0240203250        0.0544409041        
109            0.0231058082        0.0523687471        
110            0.0222261272        0.0503754616        
111            0.0213799531        0.0484580455        
112            0.0205660079        0.0466136111        
113            0.0197830623        0.0448393804        
114            0.0190299346        0.0431326814        
115            0.0183054877        0.0414909437        
116            0.0176086284        0.0399116945        
117            0.0169383052        0.0383925556        
118            0.0162935067        0.0369312389        
119            0.0156732601        0.0355255435        
120            0.0150766300        0.0341733525        
121            0.0145027166        0.0328726292        
122            0.0139506543        0.0316214147        
123            0.0134196107        0.0304178245        
124            0.0129087852        0.0292600460        
125            0.0124174075        0.0281463355        
126            0.0119447371        0.0270750155        
127            0.0114900613        0.0260444727        
128            0.0110526948        0.0250531549        
129            0.0106319785        0.0240995692        
130            0.0102272783        0.0231822793        
131            0.0098379842        0.0222999037        
132            0.0094635097        0.0214511136        
133            0.0091032904        0.0206346306        
134            0.0087567836        0.0198492249        
135            0.0084234671        0.0190937137        
136            0.0081028387        0.0183669592        
137            0.0077944154        0.0176678668        
138            0.0074977324        0.0169953836        
139            0.0072123428        0.0163484968        
140            0.0069378167        0.0157262321        
141            0.0066737404        0.0151276524        
142            0.0064197161        0.0145518561        
143            0.0061753612        0.0139979760        
144            0.0059403076        0.0134651780        
145            0.0057142011        0.0129526597        
146            0.0054967011        0.0124596490        
147            0.0052874802        0.0119854036        
148            0.0050862230        0.0115292092        
149            0.0048926264        0.0110903786        
150            0.0047063988        0.0106682511        
151            0.0045272598        0.0102621908        
152            0.0043549394        0.0098715861        
153            0.0041891781        0.0094958488        
154            0.0040297263        0.0091344131        
155            0.0038763437        0.0087867345        
156            0.0037287994        0.0084522894        
157            0.0035868711        0.0081305741        
158            0.0034503451        0.0078211041        
159            0.0033190156        0.0075234133        
160            0.0031926850        0.0072370534        
161            0.0030711629        0.0069615930        
162            0.0029542662        0.0066966174        
163            0.0028418191        0.0064417274        
164            0.0027336519        0.0061965391        
165            0.0026296020        0.0059606833        
166            0.0025295124        0.0057338048        
167            0.0024332326        0.0055155618        
168            0.0023406174        0.0053056258        
169            0.0022515275        0.0051036804        
170            0.0021658285        0.0049094215        
171            0.0020833915        0.0047225567        
172            0.0020040923        0.0045428043        
173            0.0019278114        0.0043698938        
174            0.0018544339        0.0042035648        
175            0.0017838494        0.0040435666        
176            0.0017159516        0.0038896583        
177            0.0016506381        0.0037416082        
178            0.0015878106        0.0035991932        
179            0.0015273745        0.0034621989        
180            0.0014692387        0.0033304190        
181            0.0014133158        0.0032036549        
182            0.0013595214        0.0030817158        
183            0.0013077746        0.0029644180        
184            0.0012579973        0.0028515848        
185            0.0012101148        0.0027430463        
186            0.0011640548        0.0026386391        
187            0.0011197479        0.0025382059        
188            0.0010771275        0.0024415955        
189            0.0010361293        0.0023486622        
190            0.0009966916        0.0022592663        
191            0.0009587550        0.0021732729        
192            0.0009222624        0.0020905527        
193            0.0008871587        0.0020109811        
194            0.0008533913        0.0019344381        
195            0.0008209090        0.0018608085        
196            0.0007896632        0.0017899815        
197            0.0007596066        0.0017218503        
198            0.0007306941        0.0016563124        
199            0.0007028820        0.0015932690        
200            0.0006761286        0.0015326252        
201            0.0006503934        0.0014742897        
202            0.0006256378        0.0014181745        
203            0.0006018245        0.0013641952        
204            0.0005789175        0.0013122706        
205            0.0005568825        0.0012623223        
206            0.0005356861        0.0012142751        
207            0.0005152966        0.0011680568        
208            0.0004956831        0.0011235976        
209            0.0004768162        0.0010808307        
210            0.0004586673        0.0010396915        
211            0.0004412093        0.0010001183        
212            0.0004244158        0.0009620513        
213            0.0004082614        0.0009254332        
214            0.0003927220        0.0008902089        
215            0.0003777740        0.0008563253        
216            0.0003633950        0.0008237314        
217            0.0003495633        0.0007923782        
218            0.0003362580        0.0007622183        
219            0.0003234592        0.0007332063        
220            0.0003111475        0.0007052987        
221            0.0002993045        0.0006784532        
222            0.0002879122        0.0006526296        
223            0.0002769535        0.0006277889        
224            0.0002664120        0.0006038937        
225            0.0002562717        0.0005809080        
226            0.0002465173        0.0005587972        
227            0.0002371343        0.0005375279        
228            0.0002281083        0.0005170683        
229            0.0002194260        0.0004973874        
230            0.0002110741        0.0004784556        
231            0.0002030401        0.0004602443        
232            0.0001953119        0.0004427263        
233            0.0001878778        0.0004258750        
234            0.0001807267        0.0004096652        
235            0.0001738478        0.0003940723        
236            0.0001672307        0.0003790729        
237            0.0001608655        0.0003646444        
238            0.0001547425        0.0003507652        
239            0.0001488527        0.0003374142        
240            0.0001431869        0.0003245713        
241            0.0001377369        0.0003122173        
242            0.0001324943        0.0003003336        
243            0.0001274512        0.0002889021        
244            0.0001226001        0.0002779058        
245            0.0001179336        0.0002673280        
246            0.0001134448        0.0002571528        
247            0.0001091268        0.0002473649        
248            0.0001049732        0.0002379496        
249            0.0001009776        0.0002288926        
250            0.0000971342        0.0002201804        
251            0.0000934370        0.0002117998        
252            0.0000898805        0.0002037382        
253            0.0000864595        0.0001959834        
254            0.0000831686        0.0001885238        
255            0.0000800030        0.0001813481        
256            0.0000769579        0.0001744455        
257            0.0000740287        0.0001678057        
258            0.0000712110        0.0001614186        
259            0.0000685005        0.0001552746        
260            0.0000658932        0.0001493645        
261            0.0000633851        0.0001436793        
262            0.0000609725        0.0001382105        
263            0.0000586518        0.0001329498        
264            0.0000564193        0.0001278894        
265            0.0000542719        0.0001230216        
266            0.0000522061        0.0001183391        
267            0.0000502191        0.0001138348        
268            0.0000483076        0.0001095020        
269            0.0000464689        0.0001053341        
270            0.0000447002        0.0001013248        
271            0.0000429988        0.0000974681        
272            0.0000413621        0.0000937583        
273            0.0000397878        0.0000901896        
274            0.0000382734        0.0000867567        
275            0.0000368166        0.0000834546        
276            0.0000354152        0.0000802781        
277            0.0000340672        0.0000772225        
278            0.0000327706        0.0000742832        
279            0.0000315232        0.0000714558        
280            0.0000303234        0.0000687360        
281            0.0000291692        0.0000661197        
282            0.0000280589        0.0000636031        
283            0.0000269910        0.0000611822        
284            0.0000259636        0.0000588534        
285            0.0000249754        0.0000566133        
286            0.0000240247        0.0000544585        
287            0.0000231103        0.0000523856        
288            0.0000222307        0.0000503917        
289            0.0000213845        0.0000484737        
290            0.0000205706        0.0000466287        
291            0.0000197876        0.0000448539        
292            0.0000190344        0.0000431466        
293            0.0000183099        0.0000415043        
294            0.0000176130        0.0000399246        
295            0.0000169426        0.0000384049        
296            0.0000162977        0.0000369432        
297            0.0000156774        0.0000355370        
298            0.0000150807        0.0000341844        
299            0.0000145067        0.0000328832        
