         x       f(x)_file            S(x)           Error
------------------------------------------------------------
  0.000000     10.00000000     10.00000000  0.00000000e+00
  2.000000     10.00000000     10.00000000  0.00000000e+00
  3.000000     10.00000000     10.00000000  0.00000000e+00
  5.000000     10.00000000     10.00000000  0.00000000e+00
  6.000000     10.00000000     10.00000000  0.00000000e+00
  8.000000     10.00000000     10.00000000  0.00000000e+00
  9.000000     10.50000000     10.50000000  0.00000000e+00
 11.000000     15.00000000     15.00000000  0.00000000e+00
 12.000000     50.00000000     50.00000000  0.00000000e+00
 14.000000     60.00000000     60.00000000  0.00000000e+00
 15.000000     85.00000000     85.00000000  0.00000000e+00

Количество дополнительных точек между узлами: 2
