n              Eps                 dq*fnorm            
0              0.5426422776        0.5426422776        
1              0.2936371373        0.3506555955        
2              0.2056836600        0.2265937464        
3              0.1465058954        0.1464249439        
4              0.1047483936        0.0946198408        
5              0.0750137584        0.0611433683        
6              0.0537590760        0.0395108621        
7              0.0385395206        0.0255319304        
8              0.0276328551        0.0164987408        
9              0.0198141091        0.0106614910        
10             0.0142081191        0.0068894586        
11             0.0101883678        0.0044519701        
12             0.0073059271        0.0028768644        
13             0.0052389865        0.0018590306        
14             0.0037568147        0.0012013061        
15             0.0026939685        0.0007762843        
16             0.0019318143        0.0005016352        
17             0.0013852823        0.0003241568        
18             0.0009933704        0.0002094702        
19             0.0007123348        0.0001353597        
20             0.0005108073        0.0000874695        
21             0.0003662942        0.0000565228        
22             0.0002626655        0.0000365251        
23             0.0001883545        0.0000236025        
24             0.0001350669        0.0000152519        
25             0.0000968550        0.0000098558        
26             0.0000694536        0.0000063688        
27             0.0000498044        0.0000041155        
28             0.0000357142        0.0000026595        
29             0.0000256102        0.0000017185        
30             0.0000183648        0.0000011105        
31             0.0000131692        0.0000007176        
32             0.0000094435        0.0000004637        
33             0.0000067718        0.0000002997        
34             0.0000048560        0.0000001936        
35             0.0000034822        0.0000001251        
36             0.0000024970        0.0000000809        
37             0.0000017906        0.0000000523        
38             0.0000012840        0.0000000338        
39             0.0000009208        0.0000000218        
40             0.0000006603        0.0000000141        
41             0.0000004735        0.0000000091        
42             0.0000003395        0.0000000059        
43             0.0000002435        0.0000000038        
44             0.0000001746        0.0000000025        
45             0.0000001252        0.0000000016        
46             0.0000000898        0.0000000010        
47             0.0000000644        0.0000000007        
48             0.0000000462        0.0000000004        
49             0.0000000331        0.0000000003        
50             0.0000000237        0.0000000002        
51             0.0000000170        0.0000000001        
52             0.0000000122        0.0000000001        
53             0.0000000088        0.0000000000        
54             0.0000000063        0.0000000000        
55             0.0000000045        0.0000000000        
56             0.0000000032        0.0000000000        
57             0.0000000023        0.0000000000        
58             0.0000000017        0.0000000000        
59             0.0000000012        0.0000000000        
60             0.0000000009        0.0000000000        
61             0.0000000006        0.0000000000        
62             0.0000000004        0.0000000000        
63             0.0000000003        0.0000000000        
64             0.0000000002        0.0000000000        
65             0.0000000002        0.0000000000        
66             0.0000000001        0.0000000000        
67             0.0000000001        0.0000000000        
68             0.0000000001        0.0000000000        
69             0.0000000000        0.0000000000        
70             0.0000000000        0.0000000000        
71             0.0000000000        0.0000000000        
72             0.0000000000        0.0000000000        
73             0.0000000000        0.0000000000        
74             0.0000000000        0.0000000000        
75             0.0000000000        0.0000000000        
76             0.0000000000        0.0000000000        
77             0.0000000000        0.0000000000        
78             0.0000000000        0.0000000000        
79             0.0000000000        0.0000000000        
80             0.0000000000        0.0000000000        
81             0.0000000000        0.0000000000        
82             0.0000000000        0.0000000000        
83             0.0000000000        0.0000000000        
84             0.0000000000        0.0000000000        
85             0.0000000000        0.0000000000        
86             0.0000000000        0.0000000000        
87             0.0000000000        0.0000000000        
88             0.0000000000        0.0000000000        
89             0.0000000000        0.0000000000        
90             0.0000000000        0.0000000000        
91             0.0000000000        0.0000000000        
92             0.0000000000        0.0000000000        
93             0.0000000000        0.0000000000        
94             0.0000000000        0.0000000000        
95             0.0000000000        0.0000000000        
96             0.0000000000        0.0000000000        
97             0.0000000000        0.0000000000        
98             0.0000000000        0.0000000000        
99             0.0000000000        0.0000000000        
100            0.0000000000        0.0000000000        
101            0.0000000000        0.0000000000        
102            0.0000000000        0.0000000000        
103            0.0000000000        0.0000000000        
104            0.0000000000        0.0000000000        
105            0.0000000000        0.0000000000        
106            0.0000000000        0.0000000000        
107            0.0000000000        0.0000000000        
108            0.0000000000        0.0000000000        
109            0.0000000000        0.0000000000        
110            0.0000000000        0.0000000000        
111            0.0000000000        0.0000000000        
112            0.0000000000        0.0000000000        
113            0.0000000000        0.0000000000        
114            0.0000000000        0.0000000000        
115            0.0000000000        0.0000000000        
116            0.0000000000        0.0000000000        
117            0.0000000000        0.0000000000        
118            0.0000000000        0.0000000000        
119            0.0000000000        0.0000000000        
120            0.0000000000        0.0000000000        
121            0.0000000000        0.0000000000        
122            0.0000000000        0.0000000000        
123            0.0000000000        0.0000000000        
124            0.0000000000        0.0000000000        
125            0.0000000000        0.0000000000        
126            0.0000000000        0.0000000000        
127            0.0000000000        0.0000000000        
128            0.0000000000        0.0000000000        
129            0.0000000000        0.0000000000        
130            0.0000000000        0.0000000000        
131            0.0000000000        0.0000000000        
132            0.0000000000        0.0000000000        
133            0.0000000000        0.0000000000        
134            0.0000000000        0.0000000000        
135            0.0000000000        0.0000000000        
136            0.0000000000        0.0000000000        
137            0.0000000000        0.0000000000        
138            0.0000000000        0.0000000000        
139            0.0000000000        0.0000000000        
140            0.0000000000        0.0000000000        
141            0.0000000000        0.0000000000        
142            0.0000000000        0.0000000000        
143            0.0000000000        0.0000000000        
144            0.0000000000        0.0000000000        
145            0.0000000000        0.0000000000        
146            0.0000000000        0.0000000000        
147            0.0000000000        0.0000000000        
148            0.0000000000        0.0000000000        
149            0.0000000000        0.0000000000        
150            0.0000000000        0.0000000000        
151            0.0000000000        0.0000000000        
152            0.0000000000        0.0000000000        
153            0.0000000000        0.0000000000        
154            0.0000000000        0.0000000000        
155            0.0000000000        0.0000000000        
156            0.0000000000        0.0000000000        
157            0.0000000000        0.0000000000        
158            0.0000000000        0.0000000000        
159            0.0000000000        0.0000000000        
160            0.0000000000        0.0000000000        
161            0.0000000000        0.0000000000        
162            0.0000000000        0.0000000000        
163            0.0000000000        0.0000000000        
164            0.0000000000        0.0000000000        
165            0.0000000000        0.0000000000        
166            0.0000000000        0.0000000000        
167            0.0000000000        0.0000000000        
168            0.0000000000        0.0000000000        
169            0.0000000000        0.0000000000        
170            0.0000000000        0.0000000000        
171            0.0000000000        0.0000000000        
172            0.0000000000        0.0000000000        
173            0.0000000000        0.0000000000        
174            0.0000000000        0.0000000000        
175            0.0000000000        0.0000000000        
176            0.0000000000        0.0000000000        
177            0.0000000000        0.0000000000        
178            0.0000000000        0.0000000000        
179            0.0000000000        0.0000000000        
180            0.0000000000        0.0000000000        
181            0.0000000000        0.0000000000        
182            0.0000000000        0.0000000000        
183            0.0000000000        0.0000000000        
184            0.0000000000        0.0000000000        
185            0.0000000000        0.0000000000        
186            0.0000000000        0.0000000000        
187            0.0000000000        0.0000000000        
188            0.0000000000        0.0000000000        
189            0.0000000000        0.0000000000        
190            0.0000000000        0.0000000000        
191            0.0000000000        0.0000000000        
192            0.0000000000        0.0000000000        
193            0.0000000000        0.0000000000        
194            0.0000000000        0.0000000000        
195            0.0000000000        0.0000000000        
196            0.0000000000        0.0000000000        
197            0.0000000000        0.0000000000        
198            0.0000000000        0.0000000000        
199            0.0000000000        0.0000000000        
200            0.0000000000        0.0000000000        
201            0.0000000000        0.0000000000        
202            0.0000000000        0.0000000000        
203            0.0000000000        0.0000000000        
204            0.0000000000        0.0000000000        
205            0.0000000000        0.0000000000        
206            0.0000000000        0.0000000000        
207            0.0000000000        0.0000000000        
208            0.0000000000        0.0000000000        
209            0.0000000000        0.0000000000        
210            0.0000000000        0.0000000000        
211            0.0000000000        0.0000000000        
212            0.0000000000        0.0000000000        
213            0.0000000000        0.0000000000        
214            0.0000000000        0.0000000000        
215            0.0000000000        0.0000000000        
216            0.0000000000        0.0000000000        
217            0.0000000000        0.0000000000        
218            0.0000000000        0.0000000000        
219            0.0000000000        0.0000000000        
220            0.0000000000        0.0000000000        
221            0.0000000000        0.0000000000        
222            0.0000000000        0.0000000000        
223            0.0000000000        0.0000000000        
224            0.0000000000        0.0000000000        
225            0.0000000000        0.0000000000        
226            0.0000000000        0.0000000000        
227            0.0000000000        0.0000000000        
228            0.0000000000        0.0000000000        
229            0.0000000000        0.0000000000        
230            0.0000000000        0.0000000000        
231            0.0000000000        0.0000000000        
232            0.0000000000        0.0000000000        
233            0.0000000000        0.0000000000        
234            0.0000000000        0.0000000000        
235            0.0000000000        0.0000000000        
236            0.0000000000        0.0000000000        
237            0.0000000000        0.0000000000        
238            0.0000000000        0.0000000000        
239            0.0000000000        0.0000000000        
240            0.0000000000        0.0000000000        
241            0.0000000000        0.0000000000        
242            0.0000000000        0.0000000000        
243            0.0000000000        0.0000000000        
244            0.0000000000        0.0000000000        
245            0.0000000000        0.0000000000        
246            0.0000000000        0.0000000000        
247            0.0000000000        0.0000000000        
248            0.0000000000        0.0000000000        
249            0.0000000000        0.0000000000        
250            0.0000000000        0.0000000000        
251            0.0000000000        0.0000000000        
252            0.0000000000        0.0000000000        
253            0.0000000000        0.0000000000        
254            0.0000000000        0.0000000000        
255            0.0000000000        0.0000000000        
256            0.0000000000        0.0000000000        
257            0.0000000000        0.0000000000        
258            0.0000000000        0.0000000000        
259            0.0000000000        0.0000000000        
260            0.0000000000        0.0000000000        
261            0.0000000000        0.0000000000        
262            0.0000000000        0.0000000000        
263            0.0000000000        0.0000000000        
264            0.0000000000        0.0000000000        
265            0.0000000000        0.0000000000        
266            0.0000000000        0.0000000000        
267            0.0000000000        0.0000000000        
268            0.0000000000        0.0000000000        
269            0.0000000000        0.0000000000        
270            0.0000000000        0.0000000000        
271            0.0000000000        0.0000000000        
272            0.0000000000        0.0000000000        
273            0.0000000000        0.0000000000        
274            0.0000000000        0.0000000000        
275            0.0000000000        0.0000000000        
276            0.0000000000        0.0000000000        
277            0.0000000000        0.0000000000        
278            0.0000000000        0.0000000000        
279            0.0000000000        0.0000000000        
280            0.0000000000        0.0000000000        
281            0.0000000000        0.0000000000        
282            0.0000000000        0.0000000000        
283            0.0000000000        0.0000000000        
284            0.0000000000        0.0000000000        
285            0.0000000000        0.0000000000        
286            0.0000000000        0.0000000000        
287            0.0000000000        0.0000000000        
288            0.0000000000        0.0000000000        
289            0.0000000000        0.0000000000        
290            0.0000000000        0.0000000000        
291            0.0000000000        0.0000000000        
292            0.0000000000        0.0000000000        
293            0.0000000000        0.0000000000        
294            0.0000000000        0.0000000000        
295            0.0000000000        0.0000000000        
296            0.0000000000        0.0000000000        
297            0.0000000000        0.0000000000        
298            0.0000000000        0.0000000000        
299            0.0000000000        0.0000000000        
